700 700
57
6
18.78 47.22
21.66 4.93
67.71 3.85
94.74 34.15
98.16 64.56
70.28 65.53

7
1.24 9.40
42.49 10.46
77.41 61.84
75.59 64.09
68.67 69.24
36.15 78.79
16.93 56.25

7
2.09 92.76
20.08 38.33
40.63 23.20
87.35 2.79
92.20 16.54
90.25 94.60
16.53 95.26

7
0.01 45.12
36.88 6.54
47.12 2.85
69.39 32.05
41.51 67.44
31.10 79.89
0.81 54.24

6
1.90 76.62
12.95 2.40
54.06 3.76
92.87 29.15
79.80 79.04
62.19 97.63

7
1.44 45.49
9.46 27.76
50.19 15.60
96.46 6.80
98.12 91.57
90.75 94.64
14.72 59.43

5
14.92 35.43
71.64 3.53
82.99 43.32
96.79 93.28
39.33 97.97

5
11.12 33.97
74.11 0.47
96.93 6.52
87.88 91.41
76.54 97.98

8
3.99 40.04
5.55 18.14
7.52 14.85
18.01 16.09
60.95 42.83
71.63 95.72
67.33 95.51
42.71 75.01

5
25.61 92.52
62.52 11.00
89.80 17.84
97.41 71.37
92.23 86.00

6
16.79 70.20
17.28 33.53
56.16 3.81
90.83 11.79
87.41 64.10
53.16 93.16

6
2.91 19.47
67.88 3.11
97.09 1.64
96.41 47.07
31.68 91.81
5.38 52.59

5
19.86 66.97
21.39 23.92
98.56 13.86
34.89 85.67
33.31 85.02

7
3.85 71.11
47.89 23.84
55.93 22.78
77.83 24.28
96.98 50.21
50.06 95.86
5.29 92.53

5
14.36 18.09
84.91 39.65
94.01 55.35
92.18 87.26
25.01 86.45

7
8.22 64.39
10.49 25.05
45.32 11.77
73.52 47.23
86.94 67.96
78.30 87.30
67.83 87.29

8
44.39 26.69
61.69 6.59
77.91 0.24
81.58 7.99
89.39 31.97
82.85 74.70
74.36 91.51
53.48 88.67

6
2.95 13.60
68.37 7.64
92.60 65.14
70.42 83.25
14.77 97.81
3.60 91.11

8
11.73 43.94
12.65 34.86
62.59 13.91
85.35 41.70
91.88 50.02
61.10 64.67
24.25 79.17
22.82 79.02

6
0.77 66.79
2.77 54.34
45.59 23.15
90.37 24.68
75.57 99.00
21.65 92.98

6
5.19 32.43
59.93 11.92
89.79 19.27
78.60 46.29
46.68 75.57
15.40 69.41

5
5.34 22.09
76.45 40.69
98.58 47.43
82.08 78.41
9.50 61.24

4
10.92 64.73
60.63 3.79
94.89 13.43
97.08 95.98

5
2.29 28.06
96.33 9.00
80.58 75.13
70.15 84.85
32.05 97.42

5
6.12 55.31
24.49 2.59
61.75 11.20
89.39 26.17
28.18 95.25

7
15.29 75.09
18.72 29.63
29.62 24.72
87.71 7.91
91.80 38.52
96.16 96.02
63.21 89.21

6
12.22 11.04
45.24 3.54
76.44 29.14
81.36 35.79
99.75 65.18
37.67 90.44

4
7.66 94.67
17.05 9.26
62.81 38.52
97.76 89.75

6
5.93 30.99
90.89 19.14
97.35 30.84
74.16 76.69
61.37 99.48
8.94 73.59

4
10.64 74.17
18.50 1.07
95.52 31.95
74.07 84.91

4
9.34 88.01
15.27 12.74
45.99 9.65
66.17 70.93

5
8.20 77.66
11.66 24.91
29.94 11.20
82.10 53.81
98.87 99.04

5
21.24 56.94
30.45 12.14
56.41 2.62
82.03 44.75
29.59 92.79

6
5.29 94.45
5.55 78.75
39.33 11.37
49.95 7.50
74.11 19.98
90.84 93.60

5
1.45 89.56
6.50 31.12
97.56 6.77
98.88 49.54
74.94 98.34

5
5.15 76.54
45.12 5.73
89.88 1.82
82.97 57.52
23.21 78.17

7
0.24 89.29
5.57 60.67
10.90 48.92
28.21 29.44
93.16 26.33
63.75 47.24
28.03 71.23

7
14.42 79.76
55.60 36.84
98.34 29.62
71.59 80.90
49.20 93.96
40.21 94.72
14.66 88.10

5
6.82 76.34
9.87 17.23
68.20 1.20
78.42 32.45
89.14 79.09

5
0.01 80.42
18.54 32.72
46.18 13.06
84.51 35.43
49.26 75.94

6
8.75 14.92
26.37 3.50
90.41 10.75
94.05 29.44
83.46 97.52
32.29 90.74

8
6.65 53.21
36.34 10.41
73.51 2.36
79.50 2.04
84.03 22.15
87.49 44.09
75.29 91.13
7.07 63.72

8
3.67 17.08
9.36 17.57
69.85 24.23
93.66 31.46
66.76 71.87
56.72 76.24
51.59 75.44
18.41 63.28

5
22.66 53.12
34.64 2.94
97.81 41.65
97.46 56.69
43.72 71.95

5
2.74 42.47
12.74 5.30
61.05 9.76
97.90 38.42
63.34 85.94

6
4.64 7.72
59.14 42.53
66.69 52.39
81.87 92.10
71.76 88.97
8.30 66.79

6
2.53 58.05
15.68 15.64
83.39 23.12
91.63 64.25
78.64 96.30
71.43 94.90

6
18.54 35.75
24.74 28.53
81.49 8.33
89.91 35.18
84.62 93.23
57.96 92.60

7
6.15 13.80
55.71 6.64
90.22 29.40
90.44 78.05
62.58 84.53
56.90 83.37
15.12 56.44

7
14.51 27.01
15.00 22.12
30.18 6.14
56.17 7.62
89.21 56.06
87.67 68.74
30.63 81.33

7
16.46 64.03
67.34 27.77
75.13 30.37
88.92 68.35
88.24 83.09
28.24 99.92
24.76 96.75

6
14.58 96.58
35.07 26.12
56.79 14.75
80.94 19.75
92.77 64.20
92.20 90.34

7
25.13 87.46
34.65 39.61
67.98 28.37
83.41 31.94
99.78 80.65
98.89 85.05
71.19 91.68

6
1.95 97.63
15.12 29.42
26.95 4.48
47.80 1.16
94.56 26.40
87.98 85.14

6
7.01 13.83
78.60 3.00
90.28 55.85
65.78 76.34
43.19 86.87
21.52 49.30

5
1.19 1.96
35.16 0.67
92.45 45.60
91.43 85.07
32.47 60.34

7
9.68 3.23
57.33 4.33
90.40 13.04
89.41 30.71
88.32 41.81
55.17 98.68
38.83 81.91

